-222.55 -137.84 -203.23 -138.35 -202.49 -127 -222.33 -127
-194.3 -137.87 -181.8 -138 -181.5 -127 -194.3 -127
-178.5 -137.66 -164.95 -137.66 -164.95 -127 -178.5 -127
-166.65 -148.05 -164 -148.05 -164 -138 -166.65 -138
-172.06 -156 -166 -156 -166 -148.25 -172.06 -148.25
-197.13 -156 -181.14 -156 -181.14 -148.65 -197.13 -148.65
-222.33 -156 -204.66 -156 -204.66 -148.28 -222.33 -148.28
-214.4 -143.25 -213.5 -143.25 -213.5 -142.4 -214.4 -142.4
-209.66 -144.35 -208.11 -144.35 -208.11 -142.8 -209.66 -142.8
-198.58 -144.2 -197.2 -144.2 -197.2 -142.92 -198.58 -142.92
-184.19 -143.88 -183.01 -143.87 -181.5 -141.9 -184.19 -142.53
-176 -143.69 -174.43 -143.69 -174.43 -142 -176 -142