432
1402 1185
1401 1185
1400 1185
1399 1185
1398 1186
1397 1186
1396 1186
1395 1186
1394 1186
1393 1186
1392 1187
1391 1187
1389 1187
1388 1187
1387 1187
1386 1188
1385 1188
1384 1188
1383 1188
1382 1188
1381 1189
1380 1189
1379 1189
1378 1189
1377 1190
1376 1190
1375 1190
1374 1190
1373 1191
1372 1191
1371 1191
1370 1191
1369 1192
1368 1192
1366 1192
1365 1193
1365 1193
1363 1193
1363 1193
1361 1194
1360 1194
1359 1194
1358 1195
1357 1195
1356 1195
1355 1196
1354 1196
1353 1196
1352 1197
1351 1197
1350 1197
1349 1198
1348 1198
1347 1198
1346 1199
1345 1199
1344 1199
1343 1200
1342 1200
1341 1200
1340 1201
1339 1201
1338 1201
1337 1202
1336 1202
1335 1202
1334 1203
1333 1203
1332 1204
1331 1204
1330 1204
1329 1205
1328 1205
1327 1205
1326 1206
1325 1206
1324 1206
1323 1207
1321 1207
1321 1208
1319 1208
1318 1208
1317 1209
1316 1209
1315 1209
1314 1210
1313 1210
1312 1210
1311 1211
1310 1211
1309 1211
1308 1212
1307 1212
1306 1212
1305 1213
1304 1213
1303 1213
1302 1214
1301 1214
1300 1214
1299 1215
1298 1215
1297 1215
1296 1215
1295 1216
1294 1216
1293 1216
1292 1217
1291 1217
1290 1217
1289 1218
1288 1218
1287 1218
1286 1219
1285 1219
1284 1219
1283 1220
1281 1220
1280 1220
1279 1220
1278 1221
1277 1221
1276 1222
1275 1222
1274 1222
1273 1223
1272 1223
1271 1223
1270 1224
1269 1224
1268 1224
1267 1225
1266 1225
1265 1225
1264 1226
1263 1226
1262 1226
1261 1227
1260 1227
1259 1227
1257 1228
1256 1228
1255 1228
1254 1229
1253 1229
1252 1229
1251 1230
1250 1230
1249 1230
1248 1231
1247 1231
1246 1231
1245 1232
1244 1232
1243 1232
1241 1233
1241 1233
1239 1233
1238 1233
1237 1234
1236 1234
1235 1235
1234 1235
1233 1236
1232 1236
1231 1236
1230 1237
1229 1237
1228 1238
1227 1238
1226 1238
1225 1239
1224 1239
1223 1240
1222 1240
1221 1241
1220 1241
1219 1242
1218 1242
1217 1243
1216 1244
1215 1244
1214 1245
1213 1245
1212 1246
1211 1246
1211 1247
1210 1247
1208 1248
1208 1248
1207 1249
1206 1249
1205 1250
1204 1250
1203 1251
1202 1252
1201 1252
1200 1253
1199 1253
1198 1254
1198 1254
1197 1255
1196 1255
1195 1256
1194 1256
1193 1257
1192 1257
1191 1258
1190 1259
1189 1259
1189 1260
1188 1260
1187 1261
1186 1261
1185 1262
1184 1263
1183 1263
1182 1264
1181 1264
1180 1265
1179 1265
1178 1266
1177 1266
1177 1267
1176 1268
1175 1268
1174 1269
1173 1269
1172 1270
1171 1271
1170 1271
1170 1272
1169 1272
1168 1273
1167 1273
1166 1274
1165 1275
1164 1275
1163 1276
1162 1276
1161 1277
1160 1278
1160 1278
1159 1279
1158 1279
1157 1280
1156 1280
1155 1281
1155 1282
1154 1282
1153 1283
1152 1283
1151 1284
1150 1285
1149 1286
1149 1286
1148 1287
1147 1288
1146 1289
1145 1289
1145 1290
1144 1291
1143 1292
1142 1293
1142 1293
1141 1294
1140 1295
1139 1296
1139 1296
1138 1297
1137 1298
1137 1299
1136 1300
1135 1301
1135 1302
1134 1302
1133 1303
1133 1304
1132 1305
1131 1306
1131 1307
1130 1308
1130 1308
1129 1309
1128 1310
1128 1311
1127 1312
1126 1313
1126 1313
1125 1314
1125 1315
1124 1316
1124 1317
1123 1318
1123 1319
1122 1320
1122 1321
1121 1322
1121 1323
1120 1324
1120 1325
1119 1326
1119 1327
1118 1328
1118 1329
1118 1330
1117 1331
1117 1332
1116 1333
1116 1334
1116 1335
1115 1336
1115 1337
1114 1338
1114 1339
1114 1340
1114 1341
1113 1342
1113 1343
1113 1344
1112 1345
1112 1346
1112 1347
1112 1349
1111 1350
1111 1351
1111 1352
1111 1353
1110 1354
1110 1355
1110 1356
1110 1357
1110 1358
1109 1359
1109 1360
1109 1362
1109 1363
1109 1364
1108 1365
1108 1366
1108 1367
1108 1368
1108 1369
1108 1370
1107 1371
1107 1372
1107 1373
1107 1374
1107 1375
1107 1376
1107 1378
1107 1379
1107 1380
1107 1381
1106 1382
1106 1383
1106 1384
1106 1385
1106 1386
1106 1388
1106 1389
1106 1390
1106 1391
1106 1392
1105 1393
1105 1394
1105 1395
1105 1396
1105 1397
1105 1399
1105 1400
1105 1401
1105 1402
1105 1403
1105 1404
1105 1405
1105 1406
1105 1407
1105 1409
1105 1410
1105 1411
1105 1412
1105 1413
1105 1414
1105 1415
1105 1416
1105 1417
1105 1418
1105 1419
1105 1421
1105 1422
1105 1423
1105 1424
1105 1425
1105 1426
1105 1427
1105 1429
1105 1430
1105 1431
1105 1432
1105 1433
1106 1434
1106 1435
1106 1436
1106 1437
1106 1439
1106 1440
1106 1441
1106 1442
1106 1443
1107 1444
1107 1445
1107 1446
1107 1447
1107 1448
1107 1450
1107 1451
1108 1452
1108 1453
1108 1454
1108 1455
1108 1456
1108 1457
1108 1458
1108 1460
1108 1461
1108 1462
1109 1463
1109 1464
1109 1465
1109 1466
1109 1467
