300
1425 1176
1424 1177
1423 1177
1422 1177
1421 1178
1419 1178
1418 1178
1417 1179
1416 1179
1415 1179
1414 1180
1413 1180
1411 1180
1410 1181
1409 1181
1407 1181
1406 1182
1389 1186
1388 1187
1386 1187
1385 1188
1384 1188
1382 1188
1381 1189
1380 1189
1378 1190
1377 1190
1376 1190
1374 1191
1373 1191
1372 1192
1371 1192
1369 1192
1368 1193
1367 1193
1365 1194
1364 1194
1363 1195
1362 1195
1361 1195
1359 1196
1358 1196
1357 1196
1355 1197
1354 1197
1353 1198
1352 1198
1351 1199
1349 1199
1348 1199
1347 1200
1346 1200
1345 1201
1344 1201
1343 1201
1341 1202
1340 1202
1339 1203
1338 1203
1337 1203
1335 1204
1334 1204
1333 1205
1332 1205
1330 1206
1329 1206
1328 1207
1326 1207
1325 1207
1324 1208
1323 1208
1322 1208
1321 1209
1320 1209
1319 1209
1318 1210
1317 1210
1315 1211
1314 1211
1313 1211
1312 1212
1311 1212
1309 1213
1308 1213
1307 1213
1306 1214
1304 1214
1303 1214
1302 1215
1300 1215
1299 1216
1298 1216
1297 1216
1296 1216
1295 1217
1294 1217
1292 1218
1291 1218
1290 1219
1289 1219
1288 1219
1286 1220
1285 1220
1284 1220
1283 1221
1282 1221
1281 1222
1279 1222
1278 1222
1277 1223
1276 1223
1275 1223
1274 1224
1273 1224
1272 1224
1270 1225
1269 1225
1268 1226
1267 1226
1266 1226
1265 1227
1263 1227
1262 1227
1261 1228
1260 1228
1259 1228
1257 1229
1256 1229
1255 1230
1253 1230
1252 1231
1251 1231
1250 1231
1249 1232
1248 1232
1246 1233
1245 1233
1244 1233
1243 1234
1242 1234
1240 1235
1239 1235
1238 1236
1237 1236
1236 1237
1235 1237
1234 1238
1233 1238
1232 1239
1230 1239
1229 1240
1228 1241
1226 1241
1225 1242
1224 1243
1223 1243
1221 1244
1220 1245
1219 1246
1218 1246
1216 1247
1215 1248
1214 1249
1213 1249
1211 1250
1210 1251
1209 1252
1208 1253
1206 1253
1205 1254
1204 1255
1203 1256
1202 1256
1201 1257
1200 1258
1199 1259
1197 1259
1197 1260
1196 1261
1195 1261
1194 1262
1192 1263
1191 1264
1190 1264
1189 1265
1188 1266
1187 1267
1185 1268
1185 1268
1184 1269
1183 1270
1181 1271
1180 1271
1179 1272
1178 1273
1177 1274
1176 1275
1175 1275
1174 1276
1173 1277
1172 1278
1171 1278
1170 1279
1170 1280
1169 1280
1168 1281
1167 1282
1166 1283
1165 1283
1164 1284
1163 1285
1162 1286
1161 1287
1160 1288
1159 1289
1158 1290
1157 1290
1156 1291
1155 1292
1154 1293
1153 1294
1152 1295
1151 1295
1151 1296
1150 1297
1149 1298
1148 1299
1147 1300
1146 1301
1145 1302
1144 1302
1143 1303
1142 1304
1142 1305
1141 1306
1140 1307
1139 1307
1139 1308
1138 1309
1137 1310
1136 1311
1135 1312
1134 1313
1133 1314
1132 1315
1131 1316
1130 1317
1129 1318
1128 1320
1128 1320
1127 1321
1126 1322
1125 1323
1124 1324
1124 1325
1123 1326
1122 1327
1121 1328
1120 1329
1119 1330
1118 1331
1117 1332
1116 1333
1115 1335
1114 1336
1113 1337
1112 1337
1111 1338
1110 1339
1109 1340
1108 1341
1108 1342
1107 1343
1106 1344
1105 1344
1104 1345
1103 1346
1103 1347
1102 1349
1101 1350
1100 1351
1099 1351
1098 1352
1097 1353
1096 1354
1095 1354
1094 1356
1093 1357
1092 1358
1092 1358
1091 1359
1090 1360
1089 1361
1089 1362
1088 1363
1087 1364
1086 1365
1085 1365
1084 1366
1084 1367
