523
1389 1185
1388 1185
1387 1185
1386 1186
1385 1186
1384 1187
1383 1187
1382 1187
1381 1188
1380 1188
1379 1189
1378 1189
1377 1190
1376 1190
1375 1190
1374 1191
1373 1191
1372 1192
1371 1192
1370 1192
1369 1193
1368 1193
1367 1194
1366 1194
1365 1195
1364 1195
1363 1195
1362 1196
1361 1196
1360 1196
1359 1197
1358 1197
1357 1198
1356 1198
1355 1199
1354 1199
1353 1199
1352 1200
1351 1200
1350 1201
1349 1201
1348 1201
1347 1202
1346 1202
1345 1202
1344 1203
1343 1203
1342 1203
1341 1204
1340 1204
1339 1204
1338 1205
1337 1205
1336 1206
1335 1206
1334 1206
1333 1207
1332 1207
1331 1207
1330 1208
1329 1208
1328 1209
1327 1209
1326 1209
1325 1210
1324 1210
1323 1211
1322 1211
1321 1211
1320 1212
1319 1212
1318 1212
1317 1213
1316 1213
1315 1213
1314 1214
1313 1214
1312 1214
1311 1215
1310 1215
1309 1215
1308 1215
1307 1216
1306 1216
1305 1216
1304 1217
1303 1217
1302 1217
1301 1218
1299 1218
1298 1218
1297 1219
1296 1219
1295 1219
1294 1219
1293 1220
1292 1220
1291 1221
1290 1221
1289 1221
1287 1221
1286 1222
1285 1222
1284 1222
1283 1223
1282 1223
1281 1223
1280 1224
1279 1224
1278 1225
1277 1225
1275 1225
1274 1226
1273 1226
1272 1227
1271 1227
1270 1227
1269 1228
1267 1228
1266 1228
1265 1229
1264 1229
1263 1230
1262 1230
1261 1230
1260 1231
1258 1231
1257 1232
1256 1232
1255 1232
1254 1233
1253 1233
1252 1233
1251 1234
1250 1234
1249 1234
1248 1235
1247 1235
1245 1236
1244 1236
1243 1236
1242 1237
1241 1237
1240 1238
1239 1238
1238 1239
1237 1239
1236 1239
1235 1240
1234 1240
1233 1241
1232 1241
1230 1242
1229 1242
1228 1243
1227 1243
1226 1244
1225 1244
1224 1244
1223 1245
1222 1245
1221 1246
1220 1246
1219 1247
1218 1247
1217 1248
1216 1248
1215 1249
1214 1249
1213 1250
1212 1250
1211 1251
1210 1251
1209 1252
1208 1253
1207 1253
1206 1254
1205 1254
1204 1255
1203 1255
1202 1256
1200 1257
1200 1257
1198 1258
1197 1258
1197 1259
1196 1259
1195 1260
1194 1261
1193 1261
1192 1262
1191 1263
1190 1263
1188 1264
1187 1264
1187 1265
1186 1265
1185 1266
1184 1267
1183 1267
1182 1268
1181 1268
1180 1269
1179 1270
1178 1270
1177 1271
1176 1271
1175 1272
1174 1272
1173 1273
1172 1274
1171 1274
1171 1275
1170 1275
1169 1276
1168 1276
1167 1277
1166 1278
1165 1279
1164 1279
1163 1280
1162 1281
1161 1281
1160 1282
1159 1283
1159 1283
1157 1284
1157 1285
1156 1285
1155 1286
1154 1287
1153 1288
1152 1288
1152 1289
1151 1290
1150 1290
1149 1291
1148 1292
1147 1293
1146 1294
1146 1295
1145 1295
1144 1296
1143 1297
1142 1298
1142 1299
1141 1300
1141 1301
1140 1301
1139 1302
1138 1303
1138 1304
1137 1305
1136 1306
1136 1307
1135 1308
1135 1309
1134 1310
1133 1311
1133 1312
1132 1313
1131 1314
1131 1315
1131 1316
1130 1317
1129 1318
1129 1319
1128 1320
1128 1321
1127 1322
1127 1323
1126 1324
1126 1325
1125 1326
1125 1327
1124 1328
1124 1329
1124 1330
1123 1331
1123 1332
1122 1333
1122 1334
1121 1335
1121 1336
1121 1337
1120 1338
1120 1339
1119 1340
1119 1341
1119 1342
1118 1343
1118 1344
1118 1346
1117 1347
1117 1348
1116 1349
1116 1350
1115 1351
1115 1352
1115 1353
1114 1354
1114 1355
1114 1356
1113 1357
1113 1358
1113 1359
1113 1361
1112 1362
1112 1363
1112 1364
1111 1365
1111 1366
1111 1367
1111 1368
1110 1370
1110 1371
1109 1372
1109 1373
1109 1374
1109 1375
1109 1376
1109 1378
1108 1379
1108 1380
1108 1381
1108 1382
1108 1383
1108 1384
1108 1385
1107 1386
1107 1387
1107 1388
1107 1389
1107 1391
1107 1392
1106 1393
1106 1394
1106 1395
1106 1396
1105 1397
1105 1398
1105 1399
1105 1400
1105 1402
1105 1402
1105 1404
1105 1405
1104 1406
1104 1407
1104 1408
1104 1409
1104 1411
1104 1412
1104 1413
1104 1414
1104 1415
1104 1416
1104 1418
1104 1419
1103 1420
1103 1421
1103 1422
1103 1424
1103 1425
1103 1426
1103 1427
1103 1428
1103 1429
1102 1430
1102 1432
1102 1433
1102 1434
1102 1435
1102 1436
1102 1438
1102 1439
1102 1440
1102 1441
1102 1442
1102 1443
1102 1445
1102 1446
1102 1447
1102 1448
1102 1449
1102 1450
1101 1452
1101 1453
1101 1454
1101 1455
1101 1456
1101 1457
1101 1458
1101 1459
1101 1460
1101 1462
1101 1463
1101 1464
1101 1465
1101 1466
1101 1467
1101 1468
1101 1470
1101 1471
1101 1472
1101 1473
1101 1474
1101 1475
1101 1476
1101 1477
1101 1478
1101 1480
1101 1481
1100 1482
1100 1483
1100 1484
1100 1486
1100 1487
1100 1488
1100 1489
1100 1490
1100 1492
1100 1493
1100 1494
1100 1495
1100 1496
1100 1498
1100 1499
1100 1500
1100 1501
1100 1502
1100 1503
1100 1504
1100 1505
1100 1506
1100 1507
1100 1508
1100 1509
1100 1510
1100 1512
1101 1513
1101 1514
1101 1515
1100 1516
1100 1517
1100 1519
1100 1520
1101 1521
1101 1522
1101 1524
1101 1525
1101 1526
1101 1527
1101 1529
1101 1530
1101 1531
1101 1532
1101 1533
1101 1534
1101 1536
1101 1537
1101 1538
1101 1539
1101 1540
1101 1541
1101 1543
1101 1544
1101 1545
1101 1546
1101 1547
1101 1548
1101 1550
1101 1551
1101 1552
1101 1553
1101 1554
1101 1555
1101 1556
1101 1557
1101 1558
1101 1560
1101 1561
1102 1562
1102 1563
1102 1564
1102 1565
1102 1566
1102 1567
1102 1568
1102 1569
1102 1570
1102 1571
1102 1573
1102 1574
1102 1575
1102 1576
1102 1577
1102 1578
1102 1580
1102 1581
1102 1582
1102 1583
1102 1584
1103 1585
1103 1586
1103 1587
1103 1588
1103 1589
1103 1590
1104 1591
1104 1592
1104 1593
1104 1595
1104 1596
1105 1597
1105 1598
1105 1599
1105 1600
1105 1601
1106 1602
1106 1603
1106 1604
1106 1605
