606
379 59
378 59
378 60
378 60
378 61
378 61
378 62
378 62
378 63
378 63
378 64
378 64
378 65
378 65
378 66
378 66
378 67
378 67
378 68
379 68
379 69
379 69
379 70
379 70
379 71
379 71
379 72
379 72
379 73
379 73
379 74
379 74
379 75
379 75
380 76
380 76
380 77
380 77
380 78
380 78
380 79
380 79
380 80
380 80
380 81
380 81
380 81
381 82
381 82
381 83
381 83
381 84
381 84
381 85
381 85
381 86
381 86
381 87
381 87
381 88
382 88
382 89
382 89
382 90
382 90
382 91
382 91
382 92
382 92
382 93
382 93
382 94
382 94
383 95
383 95
383 96
383 96
383 97
383 97
383 98
383 98
383 99
383 99
383 100
383 100
383 101
383 101
384 102
384 102
384 103
384 103
384 104
384 104
384 105
384 105
384 106
384 106
384 107
384 107
384 108
385 108
385 109
385 109
385 110
385 110
385 111
385 111
385 112
385 112
385 113
385 113
385 114
385 114
386 115
386 115
386 116
386 116
386 117
386 117
386 118
386 118
386 119
386 119
386 120
386 120
386 121
387 121
387 122
387 122
387 123
387 123
387 124
387 124
387 125
387 125
387 125
387 126
387 126
387 127
387 127
388 128
388 128
388 129
388 129
388 130
388 130
388 131
388 131
388 132
388 132
388 133
388 133
388 134
389 134
389 135
389 135
389 136
389 136
389 137
389 137
389 138
389 138
389 139
389 139
389 140
389 140
389 141
390 141
390 142
390 142
390 143
390 143
390 144
390 144
390 145
390 145
390 146
390 146
390 147
390 147
390 148
391 148
391 149
391 149
391 150
391 150
391 151
391 151
391 152
391 152
391 153
391 153
391 154
391 154
391 155
392 155
392 156
392 156
392 157
392 157
392 158
392 158
392 159
392 159
392 160
392 160
392 161
392 161
392 162
393 162
393 163
393 163
393 164
393 164
393 165
393 165
393 166
393 166
393 167
393 167
393 168
393 168
393 169
394 169
394 170
394 170
394 171
394 171
394 172
394 172
394 172
394 173
394 173
394 174
394 174
394 175
394 175
395 176
395 176
395 177
395 177
395 178
395 178
395 179
395 179
395 180
395 180
395 181
395 181
395 182
395 182
395 183
396 183
396 184
396 184
396 185
396 185
396 186
396 186
396 187
396 187
396 188
396 188
396 189
396 189
396 190
397 190
397 191
397 191
397 192
397 192
397 193
397 193
397 194
397 194
397 195
397 195
397 196
397 196
397 197
397 197
398 198
398 198
398 199
398 199
398 200
398 200
398 201
398 201
398 202
398 202
398 203
398 203
398 204
398 204
398 205
399 205
399 206
399 206
399 207
399 207
399 208
399 208
399 209
399 209
399 210
399 210
399 211
399 211
399 212
399 212
400 213
400 213
400 214
400 214
400 215
400 215
400 216
400 216
400 217
400 217
400 218
400 218
400 219
400 219
400 220
401 220
401 221
401 221
401 222
401 222
401 223
401 223
401 224
401 224
401 225
401 225
401 225
401 226
401 226
401 227
402 227
402 228
402 228
402 229
402 229
402 230
402 230
402 231
402 231
402 232
402 232
402 233
402 233
402 234
402 234
403 235
403 235
403 236
403 236
403 237
403 237
403 238
403 238
403 239
403 239
403 240
403 240
403 241
403 241
403 242
404 242
404 243
404 243
404 244
404 244
404 245
404 245
404 246
404 246
404 247
404 247
404 248
404 248
404 249
404 249
404 250
405 250
405 251
405 251
405 252
405 252
405 253
405 253
405 254
405 254
405 255
405 255
405 256
405 256
405 257
405 257
405 258
406 258
406 259
406 259
406 260
406 260
406 261
406 261
406 262
406 262
406 263
406 263
406 264
406 264
406 265
406 265
406 266
407 266
407 267
407 267
407 268
407 268
407 269
407 269
407 270
407 270
407 271
407 271
407 272
407 272
407 273
407 273
408 274
408 274
408 275
408 275
408 276
408 276
408 277
408 277
408 278
408 278
408 279
408 279
408 280
408 280
408 281
408 281
408 282
409 282
409 283
409 283
409 284
409 284
409 285
409 285
409 286
409 286
409 286
409 287
409 287
409 288
409 288
409 289
409 289
410 290
410 290
410 291
410 291
410 292
410 292
410 293
410 293
410 294
410 294
410 295
410 295
410 296
410 296
410 297
410 297
411 298
411 298
411 299
411 299
411 300
411 300
411 301
411 301
411 302
411 302
411 303
411 303
411 304
411 304
411 305
411 305
411 306
412 306
412 307
412 307
412 308
412 308
412 309
412 309
412 310
412 310
412 311
412 311
412 312
412 312
412 313
412 313
412 314
413 314
413 315
413 315
413 316
413 316
413 317
413 317
413 318
413 318
413 319
413 319
413 320
413 320
413 321
413 321
413 322
413 322
414 323
414 323
414 324
414 324
414 325
414 325
414 326
414 326
414 327
414 327
414 328
414 328
414 329
414 329
414 330
414 330
414 331
415 331
415 332
415 332
415 333
415 333
415 334
415 334
415 335
415 335
415 336
415 336
415 337
415 337
415 338
415 338
415 339
415 339
416 340
416 340
416 341
416 341
416 342
416 342
416 343
416 343
416 344
416 344
416 345
416 345
416 346
416 346
416 347
416 347
416 348
416 348
417 349
417 349
417 350
417 350
417 351
417 351
417 352
417 352
417 353
417 353
417 354
417 354
417 355
417 355
417 356
417 356
417 357
417 357
418 358
419 359
420 360
